90
0 0
5 0 
10 0
2 0
-2 0
-3 1000
-4 1000
10000 -10000
10000 -10000
10000 -10000
10000 -10000
10000 -10000
10000 -10000
10000 -10000
10000 -10000
10000 -10000
10000 -10000
10000 -10000
10000 -10000
10000 -10000
10000 -10000
10000 -10000
10000 -10000
10000 -10000
10000 -10000
10000 -10000
10000 -10000
10000 -10000
10000 -10000
10000 -10000
10000 -10000
10000 -10000
10000 -10000
-4 1000
5 0 
10 0
2 0
-2 0
-3 1000
-4 1000
5 0 
10 0
2 0
-2 0
-3 1000
-4 1000
5 0 
10 0
2 0
-2 0
-3 1000
-4 1000
5 0 
10 0
2 0
-2 0
-3 1000
-4 1000
5 0 
100 0
2 0
-2 0
-3 1000
-4 1000
0 100
10 0
2 0
-2 0
-3 1000
-4 1000
5 0 
-100 0
2 0
-2 0
-3 1000
10000 -10000
10000 -10000
10000 -10000
10000 -10000
10000 -10000
10000 -10000
10000 -10000
10000 -10000
10000 -10
10000 -10000
10000 -10000
10000 -10000
10000 -10000
10000 -10000
10000 -10000